10166.214832293
9890.214832293
9477.214832293
9272.214832293
8486.214832293
8413.018540367
9612.523175458
8674.523175458
9993.827810550
9876.827810550
11871.158934770
12532.590721724
12407.590721724
13212.689175345
14480.304037902
13855.304037902
17402.738717203
16723.738717203
16488.738717203
15676.738717203
16308.154130226
17993.192662782
17095.192662782
17855.880736425
17086.880736425
17007.880736425
16756.880736425
15787.880736425
14795.880736425
13874.880736425
14532.363698771
13969.363698771
16896.981918034
17676.680109837
17675.680109837
16943.680109837
16791.680109837
16176.680109837
15201.680109837
15163.680109837
15428.472616702
14566.472616702
14601.853358861
13966.853358861
15249.263363647
15444.342323875
14770.342323875
13870.244813515
14846.457617376
14600.457617376
13763.457617376
16508.231624616
16418.231624616
15985.231624616
15393.231624616
18707.245999442
17930.245999442
18990.199817522
18934.199817522
20469.963420708
20104.963420708
19964.460372434
19531.460372434
18702.460372434
17826.460372434
17817.757730596
17844.008245969
17327.008245969
17884.076012098
17495.076012098
16811.076012098
16823.609895163
17419.686132058
16465.686132058
15477.686132058
15036.890917172
14978.440412571
14007.440412571
13668.042539548
13656.413199525
13356.171788973
13375.964736217
18188.140051568
17528.140051568
17375.970965347
17158.970965347
16771.970965347
16316.970965347
17417.428036939
16690.428036939
15814.428036939
15089.428036939
14895.428036939
15281.731541556
14812.731541556
14974.344516534
14139.344516534
14458.491048818
13712.491048818
12877.491048818
13754.770620471
12949.292896286
14505.035767663
13575.035767663
12660.035767663
12896.038519022
12686.961605525
13101.791739319
13100.791739319
12908.791739319
14027.073007482
13169.073007482
16048.402210475
16104.842431523
15594.842431523
15473.842431523
15101.842431523
15376.676464717
14590.676464717
14609.439069339
14123.439069339
14340.771162264
13596.771162264
13604.183388140
13132.839344436
12634.839344436
14364.702459248
13830.702459248
14848.236202456
14669.236202456
13840.236202456
14737.887925910
14080.887925910
14525.379920618
14984.835629234
14942.252459893
14622.252459893
14764.735957219
15379.985021034
18598.063361379
17821.063361379
16910.063361379
15915.063361379
19131.455798369
20342.860870948
19596.860870948
23389.919132232
22481.919132232
22472.919132232
23595.829059919
22894.829059919
24261.123602989
24116.123602989
23311.123602989
22849.123602989
22478.123602989
22798.130873753
22670.130873753
22999.415922295
22591.415922295
22338.415922295
22866.459703589
22217.459703589
22123.282688769
22401.146823207
23112.304164368
22130.304164368
21281.304164368
21911.571227641
22891.312714671
23416.565701084
23261.565701084
23267.545960224
22508.545960224
21767.545960224
21434.027041900
21524.486501979
20816.486501979
20659.486501979
20565.486501979
19980.486501979
20525.465713746
20307.445164275
19318.445164275
18411.445164275
18957.561294086
18854.977002524
18684.628176547
18513.628176547
20644.890686366
21143.504528574
20584.766648982
20424.766648982
22721.312940366
23046.055639232
23639.705970952
23186.705970952
23014.705970952
24990.728856613
24436.728856613
24988.398796435
24045.398796435
23261.398796435
24056.788676078
23912.578109882
24623.607015376
24803.337366145
24617.337366145
23657.337366145
22878.337366145
21933.337366145
21852.844963201
21225.577352906
20793.577352906
20992.540600985
20785.540600985
19980.540600985
20292.263288069
19771.263288069
19573.068791380
20032.984825788
19917.984825788
19599.984825788
19568.984825788
18891.984825788
17925.984825788
16964.984825788
16857.984825788
16300.984825788
16487.190152593
16396.560877779
15604.602424281
15603.302610764
15103.302610764
16091.478045891
15333.478045891
15443.809549715
15610.384947620
15425.384947620
15467.565592962
14937.565592962
14100.565592962
13188.565592962
15033.063550499
15776.645910029
15822.998698033
18104.498264045
17841.498264045
17170.498264045
17082.533854333
17269.357701072
17235.357701072
18443.901785934
18325.901785934
18995.537627787
18645.537627787
19770.757288899
19460.382809535
20309.410153073
19807.410153073
19996.504163278
20802.433329460
19860.433329460
19730.433329460
19408.433329460
19391.433329460
18539.433329460
18145.666662590
17631.912276410
17423.846973789
18151.727361222
17749.727361222
17611.727361222
18446.363729283
18134.363729283
18203.142954487
18555.673571367
18624.181836670
17639.181836670
17383.181836670
16724.181836670
17099.719387685
17499.012059293
17284.103516534
16511.103516534
16902.542799861
16758.910327121
17417.139882085
18598.477758204
19634.308620226
19354.308620226
19368.272231817
18518.272231817
18634.885843408
18540.089039532
17981.089039532
17640.089039532
17505.193491508
17023.653166084
16328.653166084
18953.812118132
18292.812118132
19068.066259340
18206.066259340
17506.066259340
17417.066259340
16891.066259340
16399.066259340
15699.066259340
15141.307509785
14755.307509785
14152.776032957
13507.776032957
13217.776032957
12878.800035823
12484.800035823
12258.541703982
11050.480941648
11263.955615510
12693.704656278
12776.730238312
12460.730238312
12771.809619308
11896.809619308
11016.172720515
10748.595749917
11373.502461436
10498.502461436
10273.502461436
9692.431384498
9290.431384498
9252.431384498
9124.431384498
8134.692054175
7935.692054175
9567.683225480
8704.683225480
8221.683225480
8205.290791433
8134.387721910
9642.646203184
8680.646203184
12210.542406367
11501.542406367
13050.650887641
12962.650887641
12629.650887641
11654.650887641
10655.650887641
10199.650887641
10082.650887641
10027.073695608
9991.073695608
9723.329836909
10002.117079983
9752.117079983
9414.117079983
8941.886593314
8472.886593314
8208.379145155
7705.379145155
7091.352288523
6578.352288523
7706.553596250
7366.553596250
7408.711766607
11407.173533215
10513.173533215
9570.173533215
8589.173533215
7736.173533215
7921.937399847
7346.214171254
7336.214171254
8097.132505898
7354.132505898
7342.899069135
7585.013088888
7423.013088888
6360.264724999
5619.264724999
6151.205906249
5559.693308034
6099.649494896
6030.885137024
6035.154442314
6511.205923085
6540.906910266
6056.906910266
5734.906910266
5562.737456056
4940.737456056
6005.376729215
5036.144833388
4935.144833388
5584.757642928
5723.151591918
5523.151591918
4909.045540907
4648.915695452
3669.760794803
2876.017271684
6208.103630105
5283.103630105
4776.103630105
4396.103630105
3751.629537631
4173.715896052
4925.954528070
3961.954528070
3050.954528070
2893.954528070
3537.893898829
3327.893898829
3038.367373537
2055.367373537
1586.801060305
2306.002650763
2351.503976145
5127.511928435
4800.511928435
3830.511928435
3415.682571246
4142.865142493
3486.865142493
5061.230284985
5941.345427477
5251.345427477
4452.345427477
4002.345427477
3910.345427477
8083.708996171
7901.708996171
7498.708996171
7420.708996171
6616.708996171
6478.708996171
5879.708996171
5025.708996171
4452.011245213
5768.775301730
5618.775301730
5413.775301730
5990.885422422
5345.662506907
4628.662506907
4411.662506907
4345.185722179
3230.297155486
3039.297155486
3660.616017681
2723.616017681
2794.385353961
5638.697477726
8668.394955453
8343.394955453
10997.592433179
10589.592433179
9768.592433179
11435.490541474
11226.490541474
10286.490541474
11151.238965053
10254.238965053
9553.238965053
8746.238965053
9076.798706316
8709.798706316
9471.748382895
8556.748382895
8120.748382895
7721.023221184
6971.023221184
6807.023221184
7638.330187540
7660.963206294
6694.963206294
5973.963206294
5177.502409091
5114.502409091
4534.058500000
3657.655000000
2517.560000000
2751.600000000
2385.600000000
496.000000000
